K, ZZ(K),ZT(K),FNZ(K),FNT(K)
 =======================================
  1       0.000       0.000       2.565       2.565
  2     100.000      49.364       2.438       2.500
  3     205.085     151.907       2.323       2.379
  4     315.254     259.534       2.218       2.269
  5     430.508     372.246       2.122       2.169
  6     550.847     490.042       2.034       2.077
  7     676.271     612.924       1.954       1.993
  8     806.780     740.890       1.879       1.916
  9     942.373     873.941       1.810       1.844
 10    1083.051    1012.076       1.746       1.777
 11    1228.814    1155.297       1.686       1.715
 12    1379.661    1303.602       1.630       1.657
 13    1535.593    1456.992       1.578       1.603
 14    1696.610    1615.466       1.528       1.553
 15    1862.712    1779.025       1.482       1.505
 16    2033.898    1947.669       1.439       1.460
 17    2210.169    2121.398       1.398       1.418
 18    2391.525    2300.212       1.359       1.379
 19    2577.966    2484.110       1.323       1.341
 20    2769.491    2673.093       1.288       1.305
 21    2966.102    2867.161       1.255       1.272
 22    3167.797    3066.313       1.224       1.239
 23    3374.576    3270.551       1.194       1.209
 24    3586.441    3479.873       1.166       1.180
 25    3803.390    3694.280       1.139       1.152
 26    4025.424    3913.771       1.113       1.126
 27    4252.542    4138.348       1.089       1.101
 28    4484.746    4368.008       1.065       1.077
 29    4722.034    4602.754       1.042       1.054
 30    4964.407    4842.585       1.021       1.031
 31    5211.864    5087.500       1.000       1.010
 32    5464.407    5337.500       0.980       0.990
 33    5722.034    5592.585       0.961       0.970
 34    5984.746    5852.754       0.942       0.952
 35    6252.542    6118.008       0.925       0.934
 36    6525.424    6388.348       0.908       0.916
 37    6803.390    6663.771       0.891       0.899
 38    7086.441    6944.280       0.875       0.883
 39    7374.576    7229.873       0.860       0.868
 40    7667.796    7520.551       0.845       0.853
 41    7966.102    7816.313       0.831       0.838
 42    8269.491    8117.161       0.817       0.824
 43    8577.966    8423.093       0.804       0.810
 44    8891.525    8734.110       0.791       0.797
 45    9210.170    9050.212       0.778       0.785
 46    9533.898    9371.398       0.766       0.772
 47    9862.712    9697.670       0.754       0.760
 48   10196.610   10029.025       0.743       0.749
 49   10535.593   10365.466       0.732       0.738
 50   10879.661   10706.991       0.721       0.727
 51   11228.813   11053.602       0.711       0.716
 52   11583.051   11405.297       0.701       0.706
 53   11942.373   11762.076       0.691       0.696
 54   12306.779   12123.940       0.681       0.686
 55   12676.271   12490.890       0.672       0.677
 56   13050.848   12862.924       0.663       0.667
 57   13430.509   13240.042       0.654       0.658
 58   13815.254   13622.246       0.646       0.650
 59   14205.085   14009.534       0.637       0.641
 60   14600.000   14401.907       0.629       0.633
 61   15000.000   14799.364       0.621       0.625
 62   15405.085   15201.907       0.613       0.617
 63   15815.254   15609.534       0.606       0.610
 64   16230.509   16022.246       0.598       0.602
 65   16650.848   16440.043       0.591       0.595
 66   17076.271   16862.924       0.584       0.588
 67   17506.779   17290.891       0.577       0.581
 68   17942.373   17723.941       0.571       0.574
 69   18383.051   18162.076       0.564       0.567
 70   18828.814   18605.297       0.558       0.561
 71   19279.660   19053.602       0.551       0.555
